#  Energy [eV]    Num. photons/(mm^2*keV)
# ----------------------------------------------------
20000   61.30
21000   137.00
22000   271.00
23000   483.00
24000   779.00
25000   1170.00
26000   1650.00
27000   2230.00
28000   2870.00
29000   3590.00
30000   4350.00
31000   5100.00
32000   5880.00
33000   6600.00
34000   7340.00
35000   8020.00
36000   8640.00
37000   9230.00
38000   9770.00
39000   10200.00
40000   10600.00
41000   11000.00
42000   11300.00
43000   11600.00
44000   11800.00
45000   12000.00
46000   12100.00
47000   12100.00
48000   12200.00
49000   12200.00
50000   12200.00
51000   12100.00
52000   12100.00
53000   12000.00
54000   11900.00
55000   11800.00
56000   11600.00
57000   11700.00
58000   11900.00
59000   22500.00
60000   31200.00
61000   10700.00
62000   11400.00
63000   10300.00
64000   10100.00
65000   9870.00
66000   9700.00
67000   9630.00
68000   16700.00
69000   8970.00
70000   10200.00
71000   6830.00
72000   6740.00
73000   6540.00
74000   6430.00
75000   6330.00
76000   6190.00
77000   6050.00
78000   5900.00
79000   5770.00
80000   5650.00
81000   5530.00
82000   5390.00
83000   5250.00
84000   5100.00
85000   4970.00
86000   4820.00
87000   4680.00
88000   4560.00
89000   4410.00
90000   4290.00
91000   4140.00
92000   3970.00
93000   3830.00
94000   3690.00
95000   3560.00
96000   3430.00
97000   3300.00
98000   3160.00
99000   3020.00
100000   2850.00
101000   2690.00
102000   2550.00
103000   2430.00
104000   2310.00
105000   2170.00
106000   2040.00
107000   1900.00
108000   1750.00
109000   1600.00
110000   1440.00
111000   1300.00
112000   1170.00
113000   1040.00
114000   917.00
115000   781.00
116000   654.00
117000   521.00
118000   382.00
119000   239.00
120000   90.70
120005   -90.70
